0.3668509
0.5964187
0.4851415
0.5385553
0.6570368
1.048078
1.020921
0.8302152
0.7577448
0.9545717
0.6783574
0.4408306
0.6104522
0.4353505
0.5974197
0.4157619
0.6586716
0.7453107
0.7866945
1.10362
1.075068
1.042209
0.7976447
0.5270137
0.7881805
0.7916594
0.5250116
0.8291169
1.014034
1.190815
0.9683822
0.6436518
0.9908925
1.09739
0.9489387
0.955668
0.7237014
1.062651
1.24831
1.169617
0.7001522
1.070758
1.333003
1.127998
1.036217
0.7329417
0.7357053
0.68363
0.7529094
0.9087596
0.6438658
0.5775737
0.5488339
0.6901746
0.7015915
0.9955866
0.9526338
0.4358277
0.5068933
0.566716
0.6987703
0.5288283
1.075483
0.4697929
0.8613212
0.4381642
0.7076066
0.7101864
0.682947
0.8578629
0.5091227
0.5799209
0.693232
0.5817768
0.9104581
1.18347
0.7339474
0.7698752
1.250405
0.7326316
1.123134
0.684035
0.5914936
0.4114164
0.5007514
0.9173494
0.7025238
0.5284151
0.5068758
0.4165098
0.7185512
1.117919
0.9845435
0.8075138
0.5138124
0.5373271
0.6151535
0.5602405
0.5884751
1.029006
0.7259471
0.4457817
0.5498901
1.189066
0.6471645
0.5338576
0.5394698
0.523832
0.4733695
0.8939064
0.5159048
0.643037
0.7140751
0.6777174
0.6244739
0.4833602
0.4647434
0.48608
0.701258
0.5053661
0.8078423
0.3872137
0.4265391
0.3915374
0.6133244
1.026959
0.5375595
0.5279956
0.9043836
0.7099093
0.5728493
0.5767122
0.5209442
0.7673333
0.6264894
0.6274812
0.3189413
0.5022098
1.020047
0.4755597
0.725622
0.5166967
0.5264775
0.6802826
0.7049556
0.7242434
0.8440759
0.7102328
0.7573372
1.052193
0.922495
0.9024788
0.6800048
0.5693876
0.7836741
0.7029287
1.280772
1.001956
1.010789
0.4891382
1.066021
1.13258
0.7238788
0.5427322
0.8629492
0.5015544
0.4344532
0.5577432
0.8429158
0.8551995
0.694654
0.3365685
0.5508784
0.524044
0.5366575
0.6992954
0.7866536
0.8570956
0.7697902
0.6662312
0.5074617
0.5951834
0.7248597
0.5110185
0.9033652
0.8858511
0.7425194
0.8044982
1.035074
0.9864047
0.781913
0.4571874
0.3582654
0.4528846
0.5488635
0.7774337
0.5190556
0.3223159
0.4210603
0.6740116
0.8984824
0.771132
0.755943
0.6788053
0.8803251
0.8073747
0.7695506
0.6255421
1.30083
0.893861
0.5285986
0.508778
0.6068402
0.7869984
0.6773774
0.7933877
1.150818
0.5491369
0.4552041
0.4969341
0.6353123
0.5332506
0.4404801
0.4101541
0.7021788
0.5072701
0.9393125
0.8738445
0.657223
0.7705636
0.6298308
0.9149018
0.7167667
0.7409254
0.8464443
0.6892658
1.149041
0.697463
0.698905
1.2881
1.323991
0.575806
0.7274673
1.047431
0.4601177
0.670795
0.8307569
0.7207151
