0.1110787
0.2865852
0.4346593
0.2358913
0.08990135
0.06840925
0.1027948
0.05694521
0.1620924
0.1210655
0.2234013
0.3051744
0.1244213
0.06504398
0.06558426
0.1394834
0.2957699
0.09646933
0.0833077
0.1079274
0.05210235
0.109901
0.0646399
0.1264036
0.08743457
0.1105262
0.1544541
0.1004876
0.0374851
0.08450281
0.1033459
0.1701605
0.07834066
0.08278259
0.07070713
0.07896071
0.1044374
0.08993891
0.07657752
0.09899983
0.06825617
0.0586976
0.1076523
0.1262702
0.05666927
0.1064317
0.08427879
0.07777228
0.1692904
0.07760739
0.09767372
0.1126957
0.07408414
0.08158018
0.1075045
0.09987064
0.06986844
0.08971669
0.08190803
0.04124605
0.1043053
0.1051312
0.05178104
0.06368158
0.08107612
0.0521038
0.1133358
0.05170685
0.08972654
0.1235866
0.1978102
0.131969
0.1098745
0.08904088
0.1564868
0.05620152
0.05497385
0.0854079
0.07754262
0.09079322
0.1146812
0.1564014
0.3197797
0.09568613
0.108519
0.1026493
0.04967347
0.06012476
0.1595854
0.1232542
0.04850354
0.06440679
0.08261369
0.05155325
0.05685662
0.07172807
0.08854236
0.1000792
0.06752947
0.0610462
0.08792437
0.1054524
0.07753891
0.0236327
0.04423905
0.1136335
0.08324761
0.05301181
0.0561602
0.0594346
0.09444626
0.06452821
0.1408716
0.08351238
0.08819596
0.1155242
0.1264594
0.1362778
0.06328919
0.09642098
0.06295177
0.07295629
0.0355335
0.07922601
0.1324265
0.1083047
0.1471965
0.0930797
0.08553846
0.08048283
0.1107936
0.06795568
0.05910013
0.0884787
0.06949162
0.06490051
0.04913516
0.1232761
0.0678221
0.09651707
0.1306586
0.08163286
0.1148749
0.06500153
0.07040528
0.1698879
0.06238271
0.0469934
0.07942093
0.081129
0.08788972
0.1368584
0.08852833
0.04585029
0.07519834
0.05222635
0.05343492
0.1080359
0.1191407
0.06382171
0.08804912
0.0562835
0.1208815
0.09171971
0.0766223
0.05079621
0.06927504
0.08148707
0.1231619
0.1071702
0.1458954
0.09244866
0.1382083
0.05526273
0.03942894
0.07858305
0.09565769
0.09571555
0.0712105
0.1798987
0.1545699
0.05271222
0.07430608
0.1177173
0.06372653
0.06707561
0.09534343
0.0763531
0.1378796
0.05212506
0.08720496
0.06327306
0.148614
0.2271866
0.06974433
0.05646826
0.07983615
0.1308273
0.0752512
0.06517154
0.1110615
0.06120501
0.09902416
0.06741675
0.09767924
0.07819037
0.06850808
0.0785178
0.1312488
0.04935977
0.06926901
0.05364016
0.1011759
0.04534854
0.09028028
0.07017439
0.02413303
0.1277802
0.1449148
0.1427119
0.07187519
0.04860804
0.05480908
0.04846937
0.05715362
0.07111175
0.1491139
0.1014029
0.05075873
0.08104774
0.04812035
0.08221484
0.05785796
0.0393318
0.06799178
0.06521444
0.07099965
0.06701489
0.1347943
0.1361189
0.06411842
0.04673105
0.1091734
0.07641848
0.0964838
0.09514256
0.05066927
0.0901343
