0.07524346
0.06665468
0.08061006
0.07506231
0.07317495
0.07913196
0.08134699
0.06951924
0.0892991
0.08225887
0.08661875
0.07026096
0.06851807
0.06473719
0.06405088
0.06554847
0.06159804
0.08735482
0.07989318
0.1006313
0.09900981
0.09776847
0.1096976
0.1213734
0.1409957
0.1458004
0.126697
0.1033478
0.1236006
0.1155164
0.1444802
0.09013684
0.1057064
0.1409768
0.1402055
0.1287146
0.1159427
0.1035441
0.1316083
0.1029296
0.1425923
0.1355882
0.1099415
0.1462712
0.1385068
0.1665595
0.1327441
0.1523124
0.1614569
0.1856774
0.1624864
0.1562847
0.1871094
0.2240216
0.1577475
0.147085
0.1235709
0.1495285
0.1112012
0.1106142
0.1363897
0.1353106
0.1223467
0.1199314
0.1019022
0.09478975
0.1128467
0.1260945
0.1422306
0.1366614
0.1529038
0.1806335
0.1667574
0.1644762
0.1670577
0.1273994
0.1145374
0.1219599
0.1290376
0.09202384
0.07514241
0.06441482
0.05848561
0.05908123
0.07639907
0.06412266
0.05693365
0.07256257
0.07214291
0.07675001
0.07617404
0.07858549
0.07094006
0.08268048
0.06492964
0.06040214
0.06304649
0.05743344
0.06057089
0.05679986
0.05949238
0.0532971
0.04911412
0.06786593
0.05078694
0.04781718
0.04244954
0.0430963
0.03704872
0.03407912
0.05001275
0.04629437
0.05786189
0.04145359
0.0456219
0.04690011
0.05318295
0.05140064
0.04519888
0.04835481
0.0479585
0.05090838
0.04066484
0.04459917
0.04005298
0.0390529
0.03687309
0.03386323
0.03360694
0.03331737
0.05567438
0.06737209
0.06247275
0.07336921
0.08854814
0.07181408
0.0863514
0.06131418
0.0628393
0.07222584
0.07233803
0.07881041
0.07394404
0.06744368
0.06109739
0.0742938
0.0826082
0.08318282
0.06406708
0.09703534
0.07623247
0.09164062
0.1170129
0.1144038
0.130864
0.1766784
0.2039961
0.203646
0.2577129
0.1965783
0.1650836
0.1322399
0.1196034
0.1212951
0.1042625
0.1048437
0.1158914
0.1372745
0.1340643
0.1228206
0.1274316
0.1071263
0.09739596
0.09556347
0.1188377
0.1148274
0.1043375
0.1035021
0.07576893
0.06615364
0.06968295
0.06163699
0.08187188
0.07986707
0.08884432
0.1101994
0.08195279
0.1033988
0.1083353
0.1095497
0.09210152
0.09168576
0.07895026
0.08116548
0.08254104
0.07946149
0.08854699
0.08289388
0.09472495
0.1022454
0.09791908
0.07752649
0.07413502
0.06213545
0.05998274
0.06001667
0.08051073
0.09284975
0.1055387
0.08125098
0.08142638
0.06514042
0.08511048
0.0905442
0.09806217
0.0858313
0.08961003
0.098515
0.1448107
0.1696543
0.1967046
0.1853293
0.1740009
0.1647056
0.1603749
0.1569463
0.1019125
0.08269853
0.09133829
0.1008938
0.1197139
0.1205476
0.08206758
0.0782476
0.08275562
0.07433391
0.08345227
0.1026226
0.09692171
0.0941191
0.08058231
0.1108566
0.1154731
0.1153502
0.152983
0.1261786
0.08133528
0.08969407
