-0.4321233
-0.4326958
-0.4332675
-0.4245938
-0.42812
-0.4281992
-0.4348531
-0.4365517
-0.4354963
-0.4394129
-0.4258166
-0.4110075
-0.4055951
-0.4105443
-0.412891
-0.4189575
-0.4206927
-0.4264033
-0.4327782
-0.4391163
-0.4269169
-0.4304144
-0.4290477
-0.4261444
-0.4220304
-0.4303695
-0.4405337
-0.4407671
-0.4420917
-0.45067
-0.4435962
-0.4372539
-0.4455539
-0.4315042
-0.4263042
-0.423951
-0.4319065
-0.4408656
-0.4385087
-0.4287841
-0.4341663
-0.432846
-0.4241459
-0.4217102
-0.4357624
-0.430085
-0.4590371
-0.4582915
-0.453838
-0.4501046
-0.4553363
-0.4574421
-0.4659122
-0.4500208
-0.4308183
-0.4387357
-0.4512788
-0.4431984
-0.4363615
-0.4485548
-0.4635419
-0.4596279
-0.4606406
-0.45324
-0.4556938
-0.4578956
-0.4528236
-0.4524027
-0.4530092
-0.4531899
-0.4448211
-0.4221131
-0.4281507
-0.4197675
-0.4220948
-0.4045873
-0.4078774
-0.4207333
-0.4094763
-0.4147522
-0.4161967
-0.4511718
-0.446128
-0.4322066
-0.4208299
-0.4342112
-0.420716
-0.4162657
-0.4273381
-0.4322312
-0.4337969
-0.441414
-0.4468287
-0.4542042
-0.4473266
-0.464373
-0.4681786
-0.4751344
-0.4740643
-0.4564598
-0.4702736
-0.4959524
-0.5003784
-0.509228
-0.5076211
-0.5034489
-0.5017356
-0.4880673
-0.4885413
-0.4841876
-0.4784155
-0.4759233
-0.4745063
-0.4710907
-0.4710889
-0.4657448
-0.4698953
-0.4696166
-0.4696801
-0.4666157
-0.4830537
-0.4807286
-0.4889457
-0.493499
-0.4944923
-0.5010143
-0.5205168
-0.5278303
-0.5354276
-0.5346198
-0.5439706
-0.5486649
-0.5523702
-0.5460263
-0.5422282
-0.5431535
-0.5486741
-0.5484406
-0.5444232
-0.5458372
-0.5364876
-0.5519789
-0.5573455
-0.5639106
-0.5523381
-0.5668706
-0.5665383
-0.5670193
-0.5821968
-0.5864609
-0.5787339
-0.5829485
-0.588194
-0.5717623
-0.5789476
-0.583645
-0.5857273
-0.5919812
-0.5934793
-0.6042071
-0.6075997
-0.6124911
-0.6041959
-0.6127374
-0.6027945
-0.5951652
-0.5938586
-0.598835
-0.597782
-0.590186
-0.6055142
-0.6054646
-0.5985233
-0.6007229
-0.6001873
-0.5985849
-0.5927435
-0.5911576
-0.6049573
-0.6067926
-0.6142321
-0.6191575
-0.6110178
-0.607288
-0.5867097
-0.5893718
-0.5907361
-0.5847334
-0.5912697
-0.6129182
-0.618551
-0.6236925
-0.6372924
-0.6359602
-0.6403685
-0.6421656
-0.6370181
-0.6422284
-0.6464264
-0.6510598
-0.6323263
-0.6275305
-0.6293855
-0.6311621
-0.6193132
-0.6324565
-0.6153235
-0.6213147
-0.6168043
-0.6221099
-0.61507
-0.6107617
-0.6207605
-0.6352876
-0.6383192
-0.6320426
-0.6232464
-0.6170266
-0.6225742
-0.6056807
-0.6049358
-0.6004061
-0.6025525
-0.6151943
-0.6091833
-0.6305819
-0.634899
-0.6252588
-0.6213039
-0.609917
-0.5909465
-0.5957378
-0.6201987
-0.6263528
-0.6337061
-0.6282717
-0.6395136
-0.6574902
-0.6491796
-0.6485311
-0.6554337
-0.6423085
-0.6405042
-0.6481869
-0.6393756
-0.6474377
-0.6469203
-0.6508232
