1 2537
1 8835
1 5807
1 8267
1 3170
1 10668
1 6565
1 8745
1 3588
1 2775
1 5932
1 10567
1 5492
1 6911
1 5234
1 10357
1 9827
1 11662
1 3948
1 10376
1 6675
1 2303
1 2141
1 3127
1 10300
1 8294
1 4039
1 11239
1 8966
1 5427
1 9017
1 6135
1 8283
1 3453
1 82
1 6317
1 6830
1 5483
1 2525
1 9033
1 3169
1 5485
1 5789
1 5257
1 6489
1 10703
1 7243
1 6390
1 6583
1 9111
1 4148
1 6877
1 5303
1 5433
1 2575
1 3662
1 5910
1 4485
1 3256
1 8824
1 2529
1 3543
1 2428
1 2195
1 4199
1 2572
1 5589
1 8290
1 2974
1 6094
1 10528
1 1751
1 1946
1 9885
1 2305
1 2069
1 8375
1 3236
1 3047
1 6256
1 10284
1 6699
1 4598
1 2444
1 3360
1 9011
1 6735
1 -8
1 5326
1 2921
1 4429
1 4194
1 6800
1 5770
1 9250
1 2275
1 9020
1 3548
1 2757
1 6467
