id
2537
8835
5807
8267
3170
10668
6565
8745
3588
2775
5932
10567
5492
6911
5234
10357
9827
11662
3948
10376
6675
2303
2141
3127
10300
8294
4039
11239
8966
5427
9017
6135
8283
3453
82
6317
6830
5483
2525
9033
3169
5485
5789
5257
6489
10703
7243
6390
6583
9111
4148
6877
5303
5433
2575
3662
5910
4485
3256
8824
2529
3543
2428
2195
4199
2572
5589
8290
2974
6094
10528
1751
1946
9885
2305
2069
8375
3236
3047
6256
10284
6699
4598
2444
3360
9011
6735
-8
5326
2921
4429
4194
6800
5770
9250
2275
9020
3548
2757
6467
